0.49424999999999997
1001,1
101
1003,1
102
1004,1
100
1008,1
102
1009,1
101
1013,1
100
1014,1
102
1015,1
101
1016,1
101
1017,1
101
1018,1
102
1019,1
101
1021,1
102
1022,1
102
1024,1
101
1026,1
102
1028,1
102
1029,1
101
1031,1
102
1034,1
100
1036,1
102
1038,1
102
1039,1
101
1041,1
100
1042,1
101
1044,1
102
1045,1
100
1046,1
101
1047,1
101
1050,1
101
1051,1
102
1052,1
101
1053,1
102
1054,1
100
1055,1
100
1056,1
102
1059,2
100
101
1063,1
102
1068,2
100
101
1070,1
100
1071,1
101
1073,1
102
1074,1
101
1075,1
100
1077,1
101
1078,1
101
1080,1
102
1081,1
102
1083,1
101
1088,1
102
1089,1
100
1092,1
102
1093,1
101
1095,2
100
101
1098,1
100
1099,1
101
1101,1
101
1102,1
100
1103,1
100
1107,1
101
1109,1
100
1113,1
101
1114,1
102
1116,1
101
1117,1
102
1118,1
101
1119,1
100
1120,1
101
1124,1
101
1126,1
101
1128,1
101
1130,1
100
1132,1
100
1133,1
102
1134,1
101
1137,1
100
1138,1
101
1141,1
101
1143,1
100
1144,1
102
1146,1
101
1147,1
101
1149,1
101
1150,1
100
1152,1
101
1153,1
102
1154,1
101
1156,1
101
1157,1
101
1161,1
102
1163,1
101
1164,1
100
1166,1
101
1168,1
101
1169,1
102
1180,1
102
1183,1
102
1185,1
100
1186,1
101
1187,1
102
1188,1
101
1191,1
102
1193,1
101
1194,1
101
1195,1
101
1197,1
100
1199,1
100